0.0000 	 0.0870
0.0001 	 0.0069
0.0003 	 0.0093
0.0004 	 0.0255
0.0005 	 -0.0580
0.0007 	 -0.1628
0.0008 	 -0.0968
0.0009 	 0.1288
0.0010 	 0.2252
0.0012 	 -0.0008
0.0013 	 -0.2509
0.0014 	 0.0859
0.0016 	 1.2220
0.0017 	 2.5545
0.0018 	 3.2010
0.0020 	 2.9636
0.0021 	 2.4986
0.0022 	 2.4260
0.0023 	 2.5716
0.0025 	 2.3583
0.0026 	 1.7058
0.0027 	 1.1198
0.0029 	 0.9504
0.0030 	 1.0031
0.0031 	 0.9768
0.0033 	 0.8884
0.0034 	 0.8642
0.0035 	 0.8285
0.0036 	 0.6718
0.0038 	 0.5142
0.0039 	 0.5262
0.0040 	 0.6320
0.0042 	 0.6464
0.0043 	 0.5839
0.0044 	 0.5750
0.0046 	 0.5745
0.0047 	 0.4299
0.0048 	 0.1879
0.0049 	 0.0558
0.0051 	 0.0697
0.0052 	 0.0693
0.0053 	 0.0089
0.0055 	 0.0212
0.0056 	 0.1236
0.0057 	 0.1350
0.0059 	 -0.0167
0.0060 	 -0.1478
0.0061 	 -0.1094
0.0063 	 -0.0082
0.0064 	 0.0124
0.0065 	 0.0103
0.0066 	 0.0839
0.0068 	 0.1440
0.0069 	 0.0585
0.0070 	 -0.0958
0.0072 	 -0.1399
0.0073 	 -0.0705
0.0074 	 -0.0228
0.0076 	 -0.0173
0.0077 	 0.0403
0.0078 	 0.1301
0.0079 	 0.1106
0.0081 	 -0.0333
0.0082 	 -0.1324
0.0083 	 -0.0870
0.0085 	 -0.0069
0.0086 	 -0.0093
0.0087 	 -0.0255
0.0089 	 0.0580
0.0090 	 0.1628
0.0091 	 0.0968
0.0092 	 -0.1288
0.0094 	 -0.2252
0.0095 	 0.0008
0.0096 	 0.2509
0.0098 	 -0.0859
0.0099 	 -1.2220
0.0100 	 -2.5545
0.0102 	 -3.2010
0.0103 	 -2.9636
0.0104 	 -2.4986
0.0105 	 -2.4260
0.0107 	 -2.5716
0.0108 	 -2.3583
0.0109 	 -1.7058
0.0111 	 -1.1198
0.0112 	 -0.9504
0.0113 	 -1.0031
0.0115 	 -0.9768
0.0116 	 -0.8884
0.0117 	 -0.8642
0.0118 	 -0.8285
0.0120 	 -0.6718
0.0121 	 -0.5142
0.0122 	 -0.5262
0.0124 	 -0.6320
0.0125 	 -0.6464
0.0126 	 -0.5839
0.0128 	 -0.5750
0.0129 	 -0.5745
0.0130 	 -0.4299
0.0132 	 -0.1879
0.0133 	 -0.0558
0.0134 	 -0.0697
0.0135 	 -0.0693
0.0137 	 -0.0089
0.0138 	 -0.0212
0.0139 	 -0.1236
0.0141 	 -0.1350
0.0142 	 0.0167
0.0143 	 0.1478
0.0145 	 0.1094
0.0146 	 0.0082
0.0147 	 -0.0124
0.0148 	 -0.0103
0.0150 	 -0.0839
0.0151 	 -0.1440
0.0152 	 -0.0585
0.0154 	 0.0958
0.0155 	 0.1399
0.0156 	 0.0705
0.0158 	 0.0228
0.0159 	 0.0173
0.0160 	 -0.0403
0.0161 	 -0.1301
0.0163 	 -0.1106
0.0164 	 0.0333
0.0165 	 0.1324
0.0167 	 0.0870
0.0168 	 0.0069
0.0169 	 0.0093
0.0171 	 0.0255
0.0172 	 -0.0580
0.0173 	 -0.1628
0.0174 	 -0.0968
0.0176 	 0.1288
0.0177 	 0.2252
0.0178 	 -0.0008
0.0180 	 -0.2509
0.0181 	 0.0859
0.0182 	 1.2220
0.0184 	 2.5545
0.0185 	 3.2010
0.0186 	 2.9636
0.0187 	 2.4986
0.0189 	 2.4260
0.0190 	 2.5716
0.0191 	 2.3583
0.0193 	 1.7058
0.0194 	 1.1198
0.0195 	 0.9504
0.0197 	 1.0031
0.0198 	 0.9768
0.0199 	 0.8884
0.0201 	 0.8642
0.0202 	 0.8285
0.0203 	 0.6718
0.0204 	 0.5142
0.0206 	 0.5262
0.0207 	 0.6320
0.0208 	 0.6464
0.0210 	 0.5839
0.0211 	 0.5750
0.0212 	 0.5745
0.0214 	 0.4299
0.0215 	 0.1879
0.0216 	 0.0558
0.0217 	 0.0697
0.0219 	 0.0693
0.0220 	 0.0089
0.0221 	 0.0212
0.0223 	 0.1236
0.0224 	 0.1350
0.0225 	 -0.0167
0.0227 	 -0.1478
0.0228 	 -0.1094
0.0229 	 -0.0082
0.0230 	 0.0124
0.0232 	 0.0103
0.0233 	 0.0839
0.0234 	 0.1440
0.0236 	 0.0585
0.0237 	 -0.0958
0.0238 	 -0.1399
0.0240 	 -0.0705
0.0241 	 -0.0228
0.0242 	 -0.0173
0.0243 	 0.0403
0.0245 	 0.1301
0.0246 	 0.1106
0.0247 	 -0.0333
0.0249 	 -0.1324
0.0250 	 -0.0870
0.0251 	 -0.0069
0.0253 	 -0.0093
0.0254 	 -0.0255
0.0255 	 0.0580
0.0257 	 0.1628
0.0258 	 0.0968
0.0259 	 -0.1288
0.0260 	 -0.2252
0.0262 	 0.0008
0.0263 	 0.2509
0.0264 	 -0.0859
0.0266 	 -1.2220
0.0267 	 -2.5545
0.0268 	 -3.2010
0.0270 	 -2.9636
0.0271 	 -2.4986
0.0272 	 -2.4260
0.0273 	 -2.5716
0.0275 	 -2.3583
0.0276 	 -1.7058
0.0277 	 -1.1198
0.0279 	 -0.9504
0.0280 	 -1.0031
0.0281 	 -0.9768
0.0283 	 -0.8884
0.0284 	 -0.8642
0.0285 	 -0.8285
0.0286 	 -0.6718
0.0288 	 -0.5142
0.0289 	 -0.5262
0.0290 	 -0.6320
0.0292 	 -0.6464
0.0293 	 -0.5839
0.0294 	 -0.5750
0.0296 	 -0.5745
0.0297 	 -0.4299
0.0298 	 -0.1879
0.0299 	 -0.0558
0.0301 	 -0.0697
0.0302 	 -0.0693
0.0303 	 -0.0089
0.0305 	 -0.0212
0.0306 	 -0.1236
0.0307 	 -0.1350
0.0309 	 0.0167
0.0310 	 0.1478
0.0311 	 0.1094
0.0312 	 0.0082
0.0314 	 -0.0124
0.0315 	 -0.0103
0.0316 	 -0.0839
0.0318 	 -0.1440
0.0319 	 -0.0585
0.0320 	 0.0958
0.0322 	 0.1399
0.0323 	 0.0705
0.0324 	 0.0228
0.0326 	 0.0173
0.0327 	 -0.0403
0.0328 	 -0.1301
0.0329 	 -0.1106
0.0331 	 0.0333
0.0332 	 0.1324
0.0333 	 0.0870
0.0335 	 0.0069
0.0336 	 0.0093
0.0337 	 0.0255
0.0339 	 -0.0580
0.0340 	 -0.1628
0.0341 	 -0.0968
0.0342 	 0.1288
0.0344 	 0.2252
0.0345 	 -0.0008
0.0346 	 -0.2509
0.0348 	 0.0859
0.0349 	 1.2220
0.0350 	 2.5545
0.0352 	 3.2010
0.0353 	 2.9636
0.0354 	 2.4986
0.0355 	 2.4260
0.0357 	 2.5716
0.0358 	 2.3583
0.0359 	 1.7058
0.0361 	 1.1198
0.0362 	 0.9504
0.0363 	 1.0031
0.0365 	 0.9768
0.0366 	 0.8884
0.0367 	 0.8642
0.0368 	 0.8285
0.0370 	 0.6718
0.0371 	 0.5142
0.0372 	 0.5262
0.0374 	 0.6320
0.0375 	 0.6464
0.0376 	 0.5839
0.0378 	 0.5750
0.0379 	 0.5745
0.0380 	 0.4299
0.0382 	 0.1879
0.0383 	 0.0558
0.0384 	 0.0697
0.0385 	 0.0693
0.0387 	 0.0089
0.0388 	 0.0212
0.0389 	 0.1236
0.0391 	 0.1350
0.0392 	 -0.0167
0.0393 	 -0.1478
0.0395 	 -0.1094
0.0396 	 -0.0082
0.0397 	 0.0124
0.0398 	 0.0103
0.0400 	 0.0839
0.0401 	 0.1440
0.0402 	 0.0585
0.0404 	 -0.0958
0.0405 	 -0.1399
0.0406 	 -0.0705
0.0408 	 -0.0228
0.0409 	 -0.0173
0.0410 	 0.0403
0.0411 	 0.1301
0.0413 	 0.1106
0.0414 	 -0.0333
0.0415 	 -0.1324
0.0417 	 -0.0870
0.0418 	 -0.0069
0.0419 	 -0.0093
0.0421 	 -0.0255
0.0422 	 0.0580
0.0423 	 0.1628
0.0424 	 0.0968
0.0426 	 -0.1288
0.0427 	 -0.2252
0.0428 	 0.0008
0.0430 	 0.2509
0.0431 	 -0.0859
0.0432 	 -1.2220
0.0434 	 -2.5545
0.0435 	 -3.2010
0.0436 	 -2.9636
0.0438 	 -2.4986
0.0439 	 -2.4260
0.0440 	 -2.5716
0.0441 	 -2.3583
0.0443 	 -1.7058
0.0444 	 -1.1198
0.0445 	 -0.9504
0.0447 	 -1.0031
0.0448 	 -0.9768
0.0449 	 -0.8884
0.0451 	 -0.8642
0.0452 	 -0.8285
0.0453 	 -0.6718
0.0454 	 -0.5142
0.0456 	 -0.5262
0.0457 	 -0.6320
0.0458 	 -0.6464
0.0460 	 -0.5839
0.0461 	 -0.5750
0.0462 	 -0.5745
0.0464 	 -0.4299
0.0465 	 -0.1879
0.0466 	 -0.0558
0.0467 	 -0.0697
0.0469 	 -0.0693
0.0470 	 -0.0089
0.0471 	 -0.0212
0.0473 	 -0.1236
0.0474 	 -0.1350
0.0475 	 0.0167
0.0477 	 0.1478
0.0478 	 0.1094
0.0479 	 0.0082
0.0480 	 -0.0124
0.0482 	 -0.0103
0.0483 	 -0.0839
0.0484 	 -0.1440
0.0486 	 -0.0585
0.0487 	 0.0958
0.0488 	 0.1399
0.0490 	 0.0705
0.0491 	 0.0228
0.0492 	 0.0173
0.0493 	 -0.0403
0.0495 	 -0.1301
0.0496 	 -0.1106
0.0497 	 0.0333
0.0499 	 0.1324
0.0500 	 0.0870
